Tabu = [0, 47099.0; 1, 46097.0; 2, 45095.0; 3, 44093.0; 4, 43091.0; 5, 42091.0; 6, 41089.0; 7, 40089.0; 8, 39087.0; 9, 38087.0; 10, 37085.0; 11, 36083.0; 12, 35083.0; 13, 34083.0; 14, 33581.0; 15, 33080.0; 16, 32580.0; 17, 31580.0; 18, 31079.0; 19, 30577.0; 20, 30076.0; 21, 29576.0; 22, 29076.0; 23, 28576.0; 24, 28076.0; 25, 27576.0; 26, 27076.0; 27, 26576.0; 28, 26076.0; 29, 25576.0; 30, 25076.0; 31, 24576.0; 32, 24076.0; 33, 23576.0; 34, 23076.0; 35, 22576.0; 36, 22076.0; 37, 21576.0; 38, 21076.0; 39, 20576.0; 40, 20076.0; 41, 20074.0; 42, 19574.0; 43, 19074.0; 44, 18574.0; 45, 18572.0; 46, 18072.0; 47, 17572.0; 48, 17072.0; 49, 16572.0; 50, 16072.0; 51, 15572.0; 52, 15072.0; 53, 14572.0; 54, 14570.0; 55, 14070.0; 56, 14068.0; 57, 13568.0; 58, 13068.0; 59, 12568.0; 60, 12566.0; 61, 12066.0; 62, 12064.0; 63, 12062.0; 64, 12060.0; 65, 11560.0; 66, 11558.0; 67, 11556.0; 68, 11554.0; 69, 11552.0; 70, 11550.0; 71, 11548.0; 72, 11546.0; 73, 11544.0; 74, 11542.0; 75, 11540.0; 76, 11538.0; 77, 11038.0; 78, 11036.0; 79, 11034.0; 80, 11033.0; 81, 11032.0; 82, 11030.0; 83, 10530.0; 84, 10528.0; 85, 10526.0; 86, 10525.0; 87, 10524.0; 88, 10523.0; 89, 10522.0; 90, 10521.0; 91, 10021.0; 92, 10020.0; 93, 10019.0; 94, 9519.0; 95, 9517.0; 96, 9516.0; 97, 9515.0; 98, 9015.0; 99, 9014.0; 100, 8514.0; 101, 8513.0; 102, 8013.0; 103, 8012.0; 104, 8011.0; 105, 8009.0; 106, 8008.0; 107, 8007.0; 108, 8006.0; 109, 8005.0; 110, 8004.0; 111, 8003.0; 112, 8002.0; 113, 8001.0; 114, 8000.0; 115, 8000.0; 116, 8000.0; 117, 8000.0; 118, 8000.0; 119, 8000.0; 120, 8000.0; 121, 8000.0; 122, 7500.0; 123, 7000.0; 124, 7000.0; 125, 7000.0; 126, 6500.0; 127, 6500.0; 128, 6500.0; 129, 6500.0; 130, 6500.0; 131, 6500.0; 132, 6500.0; 133, 6500.0; 134, 6000.0; 135, 6000.0; 136, 6000.0; 137, 6000.0; 138, 6000.0; 139, 6000.0; 140, 6000.0; 141, 6000.0; 142, 6000.0; 143, 6000.0; 144, 6000.0; 145, 6000.0; 146, 6000.0; 147, 6000.0; 148, 6000.0; 149, 6000.0; 150, 6000.0; 151, 6000.0; 152, 6000.0; 153, 6000.0; 154, 6000.0; 155, 5500.0; 156, 5500.0; 157, 5500.0; 158, 5500.0; 159, 5500.0; 160, 5500.0; 161, 5500.0; 162, 5500.0; 163, 5500.0; 164, 5500.0; 165, 5500.0; 166, 5500.0; 167, 5500.0; 168, 5500.0; 169, 5500.0; 170, 5500.0; 171, 5500.0; 172, 5500.0; 173, 5500.0; 174, 5500.0; 175, 5500.0; 176, 5500.0; 177, 5500.0; 178, 5500.0; 179, 5500.0; 180, 5500.0; 181, 5500.0; 182, 5500.0; 183, 5500.0; 184, 5500.0; 185, 5500.0; 186, 5500.0; 187, 5500.0; 188, 5500.0; 189, 5500.0; 190, 5500.0; 191, 5500.0; 192, 5500.0; 193, 5500.0; 194, 5500.0; 195, 5500.0; 196, 5500.0; 197, 5500.0; 198, 5500.0; 199, 5500.0; 200, 5500.0; 201, 5500.0; 202, 5500.0; 203, 5000.0; 204, 5000.0; 205, 5000.0; 206, 5000.0; 207, 4500.0; 208, 4500.0; 209, 4500.0; 210, 4500.0; 211, 4500.0; 212, 4500.0; 213, 4500.0; 214, 4500.0; 215, 4500.0; 216, 4000.0; 217, 4000.0; 218, 4000.0; 219, 4000.0; 220, 4000.0; 221, 4000.0; 222, 4000.0; 223, 4000.0; 224, 4000.0; 225, 4000.0; 226, 3501.0; 227, 3500.0; 228, 3500.0; 229, 3500.0; 230, 3500.0; 231, 3500.0; 232, 3500.0; 233, 3500.0; 234, 3500.0; 235, 3500.0; 236, 3001.0; 237, 3001.0; 238, 3001.0; 239, 3001.0; 240, 3001.0; 241, 3001.0; 242, 3001.0; 243, 3000.0; 244, 3000.0; 245, 3000.0; 246, 3000.0; 247, 3000.0; 248, 3000.0; 249, 3000.0; 250, 3000.0; 251, 3000.0; 252, 3000.0; 253, 2500.0; 254, 2500.0; 255, 2500.0; 256, 2500.0; 257, 2500.0; 258, 2500.0; 259, 2500.0; 260, 2500.0; 261, 2500.0; 262, 2500.0; 263, 2500.0; 264, 2500.0; 265, 2500.0; 266, 2500.0; 267, 2500.0; 268, 2500.0; 269, 2500.0; 270, 2500.0; 271, 2500.0; 272, 2500.0; 273, 2500.0; 274, 2500.0; 275, 2500.0; 276, 2500.0; 277, 2500.0; 278, 2000.0; 279, 2000.0; 280, 2000.0; 281, 2000.0; 282, 2000.0; 283, 2000.0; 284, 2000.0; 285, 2000.0; 286, 2000.0; 287, 2000.0; 288, 2000.0; 289, 2000.0; 290, 2000.0; 291, 2000.0; 292, 2000.0; 293, 2000.0; 294, 2000.0; 295, 2000.0; 296, 2000.0; 297, 2000.0; 298, 2000.0; 299, 2000.0; 300, 2000.0; 301, 2000.0; 302, 2000.0; 303, 2000.0; 304, 2000.0; 305, 2000.0; 306, 2000.0; 307, 2000.0; 308, 2000.0; 309, 2000.0; 310, 2000.0; 311, 2000.0; 312, 2000.0; 313, 2000.0; 314, 2000.0; 315, 2000.0; 316, 2000.0; 317, 2000.0; 318, 2000.0; 319, 2000.0; 320, 2000.0; 321, 2000.0; 322, 2000.0; 323, 2000.0; 324, 2000.0; 325, 1500.0; 326, 1500.0; 327, 1500.0; 328, 1500.0; 329, 1500.0; 330, 1500.0; 331, 1500.0; 332, 1500.0; 333, 1500.0; 334, 1500.0; 335, 1500.0; 336, 1500.0; 337, 1500.0; 338, 1500.0; 339, 1500.0; 340, 1500.0; 341, 1500.0; 342, 1500.0; 343, 1500.0; 344, 1500.0; 345, 1500.0; 346, 1500.0; 347, 1500.0; 348, 1500.0; 349, 1500.0; 350, 1500.0; 351, 1500.0; 352, 1500.0; 353, 1500.0; 354, 1500.0; 355, 1500.0; 356, 1500.0; 357, 1500.0; 358, 1500.0; 359, 1500.0; 360, 1500.0; 361, 1500.0; 362, 1500.0; 363, 1500.0; 364, 1500.0; 365, 1500.0; 366, 1500.0; 367, 1500.0; 368, 1000.0; 369, 1000.0; 370, 1000.0; 371, 1000.0; 372, 1000.0; 373, 1000.0; 374, 1000.0; 375, 1000.0; 376, 1000.0; 377, 1000.0; 378, 1000.0; 379, 1000.0; 380, 1000.0; 381, 1000.0; 382, 1000.0; 383, 1000.0; 384, 1000.0; 385, 1000.0; 386, 1000.0; 387, 1000.0; 388, 1000.0; 389, 1000.0; 390, 1000.0; 391, 1000.0; 392, 1000.0; 393, 1000.0; 394, 1000.0; 395, 1000.0; 396, 1000.0; 397, 1000.0; 398, 1000.0; 399, 1000.0; 400, 1000.0; 401, 1000.0; 402, 1000.0; 403, 1000.0; 404, 1000.0; 405, 1000.0; 406, 1000.0; 407, 1000.0; 408, 1000.0; 409, 1000.0; 410, 1000.0; 411, 1000.0; 412, 1000.0; 413, 1000.0; 414, 1000.0; 415, 1000.0; 416, 1000.0; 417, 1000.0; 418, 1000.0; 419, 1000.0; 420, 1000.0; 421, 1000.0; 422, 1000.0; 423, 1000.0; 424, 1000.0; 425, 1000.0; 426, 1000.0; 427, 1000.0; 428, 1000.0; 429, 1000.0; 430, 1000.0; 431, 1000.0; 432, 1000.0; 433, 1000.0; 434, 1000.0; 435, 1000.0; 436, 1000.0; 437, 1000.0; 438, 1000.0; 439, 1000.0; 440, 1000.0; 441, 1000.0; 442, 1000.0; 443, 1000.0; 444, 1000.0; 445, 1000.0; 446, 1000.0; 447, 1000.0; 448, 1000.0; 449, 1000.0; 450, 1000.0; 451, 1000.0; 452, 1000.0; 453, 1000.0; 454, 1000.0; 455, 1000.0; 456, 1000.0; 457, 1000.0; 458, 1000.0; 459, 1000.0; 460, 1000.0; 461, 1000.0; 462, 1000.0; 463, 1000.0; 464, 1000.0; 465, 1000.0; 466, 1000.0; 467, 1000.0; 468, 1000.0; 469, 1000.0; 470, 1000.0; 471, 1000.0; 472, 1000.0; 473, 1000.0; 474, 1000.0; 475, 1000.0; 476, 1000.0; 477, 1000.0; 478, 1000.0; 479, 1000.0; 480, 1000.0; 481, 1000.0; 482, 1000.0; 483, 1000.0; 484, 1000.0; 485, 1000.0; 486, 1000.0; 487, 1000.0; 488, 1000.0; 489, 1000.0; 490, 1000.0; 491, 1000.0; 492, 1000.0; 493, 1000.0; 494, 1000.0; 495, 1000.0; 496, 1000.0; 497, 1000.0; 498, 1000.0; 499, 1000.0; 500, 1000.0; 501, 1000.0; 502, 1000.0; 503, 1000.0; 504, 500.0; 505, 500.0; 506, 500.0; 507, 500.0; 508, 500.0; 509, 500.0; 510, 500.0; 511, 500.0; 512, 500.0; 513, 500.0; 514, 500.0; 515, 500.0; 516, 500.0; 517, 500.0; 518, 500.0; 519, 500.0; 520, 500.0; 521, 500.0; 522, 500.0; 523, 500.0; 524, 500.0; 525, 500.0; 526, 500.0; 527, 500.0; 528, 500.0; 529, 500.0; 530, 500.0; 531, 500.0; 532, 500.0; 533, 500.0; 534, 500.0; 535, 500.0; 536, 500.0; 537, 500.0; 538, 500.0; 539, 500.0; 540, 500.0; 541, 500.0; 542, 500.0; 543, 500.0; 544, 500.0; 545, 500.0; 546, 500.0; 547, 500.0; 548, 500.0; 549, 500.0; 550, 500.0; 551, 500.0; 552, 500.0; 553, 500.0; 554, 500.0; 555, 500.0; 556, 500.0; 557, 500.0; 558, 500.0; 559, 500.0; 560, 500.0; 561, 500.0; 562, 500.0; 563, 500.0; 564, 500.0; 565, 500.0; 566, 500.0; 567, 500.0; 568, 500.0; 569, 500.0; 570, 500.0; 571, 500.0; 572, 500.0; 573, 500.0; 574, 500.0; 575, 500.0; 576, 500.0; 577, 500.0; 578, 500.0; 579, 500.0; 580, 500.0; 581, 500.0; 582, 500.0; 583, 500.0; 584, 500.0; 585, 500.0; 586, 500.0; 587, 500.0; 588, 500.0; 589, 500.0; 590, 500.0; 591, 500.0; 592, 500.0; 593, 500.0; 594, 500.0; 595, 500.0; 596, 500.0; 597, 500.0; 598, 500.0; 599, 500.0; 600, 500.0; 601, 500.0; 602, 500.0; 603, 500.0; 604, 500.0; 605, 500.0; 606, 500.0; 607, 500.0; 608, 500.0; 609, 500.0; 610, 500.0; 611, 500.0; 612, 500.0; 613, 500.0; 614, 500.0; 615, 500.0; 616, 500.0; 617, 500.0; 618, 500.0; 619, 500.0; 620, 500.0; 621, 500.0; 622, 500.0; 623, 500.0; 624, 500.0; 625,