Genetic = [0, 298115.0; 1, 297114.0; 2, 293117.0; 3, 292112.0; 4, 289603.0; 5, 287113.0; 6, 284606.0; 7, 281113.0; 8, 281113.0; 9, 276612.0; 10, 276612.0; 11, 276112.0; 12, 270610.0; 13, 270109.0; 14, 269606.0; 15, 266110.0; 16, 265610.0; 17, 265610.0; 18, 265109.0; 19, 265109.0; 20, 261110.0; 21, 259610.0; 22, 259608.0; 23, 259110.0; 24, 254608.0; 25, 254109.0; 26, 253605.0; 27, 253604.0; 28, 249109.0; 29, 249109.0; 30, 248608.0; 31, 248608.0; 32, 243607.0; 33, 243607.0; 34, 243605.0; 35, 242605.0; 36, 238105.0; 37, 237605.0; 38, 237106.0; 39, 237106.0; 40, 233104.0; 41, 232604.0; 42, 231603.0; 43, 228103.0; 44, 228103.0; 45, 227604.0; 46, 227604.0; 47, 223104.0; 48, 222603.0; 49, 222603.0; 50, 220104.0; 51, 220104.0; 52, 217606.0; 53, 217104.0; 54, 215605.0; 55, 212106.0; 56, 212106.0; 57, 212105.0; 58, 212105.0; 59, 206606.0; 60, 206606.0; 61, 206606.0; 62, 206605.0; 63, 206605.0; 64, 200605.0; 65, 196606.0; 66, 196602.0; 67, 196602.0; 68, 196101.0; 69, 195605.0; 70, 195605.0; 71, 195106.0; 72, 191101.0; 73, 191101.0; 74, 190606.0; 75, 185602.0; 76, 185108.0; 77, 184106.0; 78, 184106.0; 79, 184106.0; 80, 183605.0; 81, 183605.0; 82, 179600.0; 83, 179600.0; 84, 179600.0; 85, 178606.0; 86, 178606.0; 87, 178606.0; 88, 178105.0; 89, 178105.0; 90, 178105.0; 91, 173109.0; 92, 172605.0; 93, 172605.0; 94, 172106.0; 95, 172103.0; 96, 168108.0; 97, 168108.0; 98, 168108.0; 99, 168108.0; 100, 166601.0; 101, 166601.0; 102, 166601.0; 103, 162101.0; 104, 162101.0; 105, 161104.0; 106, 161104.0; 107, 161104.0; 108, 160604.0; 109, 160604.0; 110, 160604.0; 111, 160105.0; 112, 160105.0; 113, 159605.0; 114, 159605.0; 115, 159105.0; 116, 159105.0; 117, 159105.0; 118, 158605.0; 119, 158605.0; 120, 158605.0; 121, 158605.0; 122, 154105.0; 123, 154105.0; 124, 154105.0; 125, 154105.0; 126, 154104.0; 127, 153604.0; 128, 149104.0; 129, 149103.0; 130, 148603.0; 131, 148603.0; 132, 148602.0; 133, 148100.0; 134, 148100.0; 135, 148100.0; 136, 147599.0; 137, 147099.0; 138, 147099.0; 139, 146599.0; 140, 146599.0; 141, 146599.0; 142, 146099.0; 143, 146099.0; 144, 146099.0; 145, 145599.0; 146, 141099.0; 147, 141099.0; 148, 141099.0; 149, 140600.0; 150, 140600.0; 151, 140101.0; 152, 136097.0; 153, 136097.0; 154, 135597.0; 155, 135597.0; 156, 130597.0; 157, 130596.0; 158, 130596.0; 159, 130596.0; 160, 130098.0; 161, 130096.0; 162, 129596.0; 163, 128596.0; 164, 128596.0; 165, 128595.0; 166, 128095.0; 167, 128095.0; 168, 127597.0; 169, 127597.0; 170, 122597.0; 171, 122597.0; 172, 122597.0; 173, 122096.0; 174, 122096.0; 175, 122096.0; 176, 122096.0; 177, 122094.0; 178, 121596.0; 179, 121096.0; 180, 117095.0; 181, 117095.0; 182, 117095.0; 183, 116595.0; 184, 116594.0; 185, 116095.0; 186, 115592.0; 187, 115592.0; 188, 115090.0; 189, 115090.0; 190, 114594.0; 191, 114593.0; 192, 114093.0; 193, 114093.0; 194, 114091.0; 195, 113593.0; 196, 113591.0; 197, 113591.0; 198, 113591.0; 199, 113590.0; 200, 113590.0; 201, 113089.0; 202, 108089.0; 203, 108089.0; 204, 108089.0; 205, 108088.0; 206, 107588.0; 207, 107588.0; 208, 107090.0; 209, 107089.0; 210, 106590.0; 211, 106590.0; 212, 106091.0; 213, 106090.0; 214, 105593.0; 215, 105093.0; 216, 105093.0; 217, 105093.0; 218, 104593.0; 219, 104593.0; 220, 104092.0; 221, 104092.0; 222, 104092.0; 223, 103592.0; 224, 103092.0; 225, 103092.0; 226, 103091.0; 227, 103090.0; 228, 103090.0; 229, 102592.0; 230, 102592.0; 231, 102091.0; 232, 102091.0; 233, 102091.0; 234, 102089.0; 235, 102089.0; 236, 102088.0; 237, 101590.0; 238, 101590.0; 239, 101590.0; 240, 101090.0; 241, 101090.0; 242, 101090.0; 243, 101090.0; 244, 100589.0; 245, 100089.0; 246, 100089.0; 247, 99590.0; 248, 99590.0; 249, 99590.0; 250, 99590.0; 251, 99090.0; 252, 99090.0; 253, 94589.0; 254, 94589.0; 255, 94087.0; 256, 94087.0; 257, 94087.0; 258, 94087.0; 259, 94087.0; 260, 93586.0; 261, 93586.0; 262, 93586.0; 263, 93087.0; 264, 93086.0; 265, 93086.0; 266, 92586.0; 267, 92586.0; 268, 92585.0; 269, 92585.0; 270, 92085.0; 271, 92085.0; 272, 92085.0; 273, 92083.0; 274, 92083.0; 275, 91584.0; 276, 91584.0; 277, 91584.0; 278, 91584.0; 279, 91584.0; 280, 91084.0; 281, 90587.0; 282, 90085.0; 283, 90085.0; 284, 90085.0; 285, 90085.0; 286, 89584.0; 287, 89584.0; 288, 89584.0; 289, 89084.0; 290, 89084.0; 291, 88582.0; 292, 88582.0; 293, 88582.0; 294, 88582.0; 295, 88084.0; 296, 88084.0; 297, 87584.0; 298, 87584.0; 299, 87584.0; 300, 87083.0; 301, 87083.0; 302, 87083.0; 303, 87083.0; 304, 87083.0; 305, 86586.0; 306, 86584.0; 307, 86087.0; 308, 85586.0; 309, 85586.0; 310, 85586.0; 311, 85586.0; 312, 85085.0; 313, 85085.0; 314, 85081.0; 315, 84585.0; 316, 84585.0; 317, 84080.0; 318, 84080.0; 319, 83585.0; 320, 83585.0; 321, 83585.0; 322, 83580.0; 323, 83580.0; 324, 83085.0; 325, 83074.0; 326, 83074.0; 327, 83074.0; 328, 82574.0; 329, 82574.0; 330, 81585.0; 331, 81585.0; 332, 81583.0; 333, 81583.0; 334, 81083.0; 335, 81083.0; 336, 81083.0; 337, 80581.0; 338, 80581.0; 339, 76085.0; 340, 76085.0; 341, 76085.0; 342, 76085.0; 343, 76083.0; 344, 76083.0; 345, 75585.0; 346, 75584.0; 347, 75584.0; 348, 75584.0; 349, 75584.0; 350, 75084.0; 351, 75084.0; 352, 74586.0; 353, 74586.0; 354, 74586.0; 355, 74583.0; 356, 74088.0; 357, 74085.0; 358, 74085.0; 359, 74085.0; 360, 73084.0; 361, 73084.0; 362, 72584.0; 363, 72584.0; 364, 72584.0; 365, 72084.0; 366, 72084.0; 367, 72084.0; 368, 71584.0; 369, 71583.0; 370, 71583.0; 371, 71583.0; 372, 71583.0; 373, 71084.0; 374, 71084.0; 375, 71082.0; 376, 71082.0; 377, 71082.0; 378, 70581.0; 379, 70581.0; 380, 70581.0; 381, 70580.0; 382, 70580.0; 383, 70580.0; 384, 70080.0; 385, 70079.0; 386, 69581.0; 387, 69581.0; 388, 69580.0; 389, 69083.0; 390, 69083.0; 391, 69082.0; 392, 69082.0; 393, 69082.0; 394, 69081.0; 395, 68582.0; 396, 68582.0; 397, 68581.0; 398, 68581.0; 399, 68581.0; 400, 68581.0; 401, 68581.0; 402, 68081.0; 403, 68080.0; 404, 68080.0; 405, 67583.0; 406, 67578.0; 407, 67077.0; 408, 67077.0; 409, 67077.0; 410, 67076.0; 411, 67076.0; 412, 67073.0; 413, 67073.0; 414, 66573.0; 415, 66570.0; 416, 66570.0; 417, 66569.0; 418, 66569.0; 419, 66069.0; 420, 66069.0; 421, 66067.0; 422, 66067.0; 423, 66067.0; 424, 65569.0; 425, 65567.0; 426, 65565.0; 427, 65565.0; 428, 65067.0; 429, 65067.0; 430, 65066.0; 431, 65066.0; 432, 64566.0; 433, 64566.0; 434, 64566.0; 435, 64565.0; 436, 64066.0; 437, 64066.0; 438, 64065.0; 439, 63565.0; 440, 63565.0; 441, 63068.0; 442, 63066.0; 443, 63064.0; 444, 63064.0; 445, 63064.0; 446, 62566.0; 447, 62566.0; 448, 62566.0; 449, 62565.0; 450, 62564.0; 451, 62065.0; 452, 62064.0; 453, 61566.0; 454, 61564.0; 455, 61563.0; 456, 61563.0; 457, 61065.0; 458, 61065.0; 459, 61065.0; 460, 61063.0; 461, 60564.0; 462, 60564.0; 463, 60564.0; 464, 60064.0; 465, 60064.0; 466, 60064.0; 467, 60063.0; 468, 60063.0; 469, 59563.0; 470, 59563.0; 471, 59563.0; 472, 59562.0; 473, 59063.0; 474, 59063.0; 475, 59063.0; 476, 59062.0; 477, 58561.0; 478, 58561.0; 479, 58561.0; 480, 58061.0; 481, 58061.0; 482, 58061.0; 483, 58061.0; 484, 58061.0; 485, 57564.0; 486, 57562.0; 487, 57562.0; 488, 57561.0; 489, 57561.0; 490, 57561.0; 491, 57064.0; 492, 57060.0; 493, 57060.0; 494, 57060.0; 495, 57058.0; 496, 57058.0; 497, 56562.0; 498, 56560.0; 499, 56558.0; 500, 56057.0; 501, 56057.0; 502, 56057.0; 503, 56057.0; 504, 56057.0; 505, 56057.0; 506, 55558.0; 507, 55558.0; 508, 55558.0; 509, 55558.0; 510, 55558.0; 511, 55058.0; 512, 55058.0; 513, 55058.0; 514, 55058.0; 515, 54555.0; 516, 54555.0; 517, 54555.0; 518, 54555.0; 519, 54555.0; 520, 54555.0; 521, 54055.0; 522, 54055.0; 523, 54055.0; 524, 54054.0; 525, 54054.0; 526, 54054.0; 527, 53555.0; 528, 53552.0; 529, 53552.0; 530, 53552.0; 531, 53052.0; 532, 53052.0; 533, 53052.0; 534, 53052.0; 535, 52552.0; 536, 52552.0; 537, 52053.0; 538, 52053.0; 539, 52053.0; 540, 52053.0; 541, 51555.0; 542, 51555.0; 543, 51554.0; 544, 51553.0; 545, 51553.0; 546, 51553.0; 547, 51053.0; 548, 51053.0; 549, 51053.0; 550, 50553.0; 551, 50553.0; 552, 50553.0; 553, 50553.0; 554, 50553.0; 555, 50053.0; 556, 50052.0; 557, 50052.0; 558, 50052.0; 559, 49555.0; 560, 