Genetic = [
0, 150057.0; 1, 145057.0; 2, 145056.0; 3, 144558.0; 4, 143053.0; 5, 140056.0; 6, 139555.0; 7, 138052.0; 8, 135055.0; 9, 133056.0; 10, 125558.0; 11, 125558.0; 12, 124056.0; 13, 124056.0; 14, 118055.0; 15, 118055.0; 16, 117056.0; 17, 114055.0; 18, 112558.0; 19, 112556.0; 20, 112555.0; 21, 107054.0; 22, 102052.0; 23, 102052.0; 24, 102052.0; 25, 102051.0; 26, 97056.0; 27, 96554.0; 28, 96554.0; 29, 92056.0; 30, 91555.0; 31, 91551.0; 32, 86555.0; 33, 86554.0; 34, 86553.0; 35, 81554.0; 36, 81554.0; 37, 81554.0; 38, 81052.0; 39, 76557.0; 40, 76554.0; 41, 76054.0; 42, 71553.0; 43, 71553.0; 44, 71055.0; 45, 71055.0; 46, 70554.0; 47, 66054.0; 48, 66054.0; 49, 65555.0; 50, 61053.0; 51, 61053.0; 52, 60552.0; 53, 55552.0; 54, 55552.0; 55, 55552.0; 56, 55552.0; 57, 50551.0; 58, 50551.0; 59, 50551.0; 60, 50551.0; 61, 50050.0; 62, 50050.0; 63, 50050.0; 64, 45552.0; 65, 45552.0; 66, 45552.0; 67, 45552.0; 68, 45552.0; 69, 45551.0; 70, 45551.0; 71, 41051.0; 72, 40551.0; 73, 40551.0; 74, 40051.0; 75, 40051.0; 76, 40051.0; 77, 40050.0; 78, 39549.0; 79, 39549.0; 80, 39548.0; 81, 39548.0; 82, 39051.0; 83, 39051.0; 84, 39047.0; 85, 39047.0; 86, 38549.0; 87, 38049.0; 88, 38049.0; 89, 38049.0; 90, 37549.0; 91, 37549.0; 92, 37048.0; 93, 37048.0; 94, 37047.0; 95, 37046.0; 96, 36546.0; 97, 36545.0; 98, 36545.0; 99, 36544.0; 100, 36544.0; 101, 36045.0; 102, 36045.0; 103, 35545.0; 104, 35545.0; 105, 35545.0; 106, 35043.0; 107, 35042.0; 108, 35042.0; 109, 34542.0; 110, 34542.0; 111, 34540.0; 112, 34040.0; 113, 34040.0; 114, 34040.0; 115, 34040.0; 116, 34039.0; 117, 33540.0; 118, 33539.0; 119, 33041.0; 120, 33041.0; 121, 33041.0; 122, 33041.0; 123, 33038.0; 124, 32541.0; 125, 32541.0; 126, 32539.0; 127, 32037.0; 128, 32037.0; 129, 32036.0; 130, 32036.0; 131, 32036.0; 132, 31538.0; 133, 31536.0; 134, 31536.0; 135, 31536.0; 136, 31037.0; 137, 31037.0; 138, 30535.0; 139, 30535.0; 140, 30535.0; 141, 30535.0; 142, 26034.0; 143, 26034.0; 144, 26034.0; 145, 25534.0; 146, 25534.0; 147, 25534.0; 148, 21533.0; 149, 21533.0; 150, 21533.0; 151, 21032.0; 152, 21032.0; 153, 20531.0; 154, 20531.0; 155, 20531.0; 156, 20531.0; 157, 20531.0; 158, 20530.0; 159, 20530.0; 160, 20031.0; 161, 20031.0; 162, 19531.0; 163, 19530.0; 164, 19530.0; 165, 19530.0; 166, 19530.0; 167, 19030.0; 168, 19030.0; 169, 19030.0; 170, 19030.0; 171, 19030.0; 172, 18530.0; 173, 18530.0; 174, 18030.0; 175, 18030.0; 176, 18030.0; 177, 18030.0; 178, 18030.0; 179, 17532.0; 180, 17532.0; 181, 17529.0; 182, 17529.0; 183, 17529.0; 184, 17529.0; 185, 17529.0; 186, 17028.0; 187, 17028.0; 188, 17028.0; 189, 17028.0; 190, 16535.0; 191, 16535.0; 192, 16528.0; 193, 16528.0; 194, 16030.0; 195, 16030.0; 196, 16030.0; 197, 16030.0; 198, 16029.0; 199, 16028.0; 200, 16026.0; 201, 15531.0; 202, 15530.0; 203, 15530.0; 204, 15530.0; 205, 15530.0; 206, 14534.0; 207, 14534.0; 208, 14534.0; 209, 14534.0; 210, 14534.0; 211, 14034.0; 212, 14033.0; 213, 13533.0; 214, 13533.0; 215, 13532.0; 216, 13532.0; 217, 13035.0; 218, 13035.0; 219, 13035.0; 220, 13035.0; 221, 13032.0; 222, 13032.0; 223, 12537.0; 224, 12537.0; 225, 12533.0; 226, 12533.0; 227, 12033.0; 228, 12033.0; 229, 12033.0; 230, 12033.0; 231, 12033.0; 232, 12033.0; 233, 11533.0; 234, 11533.0; 235, 11533.0; 236, 11035.0; 237, 11035.0; 238, 11035.0; 239, 11035.0; 240, 11033.0; 241, 10536.0; 242, 10536.0; 243, 10536.0; 244, 10536.0; 245, 10535.0; 246, 10535.0; 247, 10534.0; 248, 10534.0; 249, 10037.0; 250, 10037.0; 251, 10037.0; 252, 10036.0; 253, 10035.0; 254, 10035.0; 255, 10035.0; 256, 10034.0; 257, 10034.0; 258, 9539.0; 259, 9539.0; 260, 9539.0; 261, 9538.0; 262, 9538.0; 263, 9534.0; 264, 9534.0; 265, 9034.0; 266, 9034.0; 267, 9033.0; 268, 8534.0; 269, 8534.0; 270, 8533.0; 271, 8533.0; 272, 8533.0; 273, 8533.0; 274, 8533.0; 275, 8034.0; 276, 8034.0; 277, 8034.0; 278, 8034.0; 279, 8033.0; 280, 8032.0; 281, 8032.0; 282, 8030.0; 283, 8030.0; 284, 8030.0; 285, 8030.0; 286, 8030.0; 287, 8029.0; 288, 8028.0; 289, 8028.0; 290, 7530.0; 291, 7530.0; 292, 7530.0; 293, 7529.0; 294, 7527.0; 295, 7527.0; 296, 7527.0; 297, 7527.0; 298, 7527.0; 299, 7527.0; 300, 7525.0; 301, 7525.0; 302, 7028.0; 303, 7028.0; 304, 7028.0; 305, 7028.0; 306, 7025.0; 307, 7025.0; 308, 6528.0; 309, 6528.0; 310, 6528.0; 311, 6527.0; 312, 6527.0; 313, 6526.0; 314, 6526.0; 315, 6526.0; 316, 6526.0; 317, 6523.0; 318, 6523.0; 319, 6523.0; 320, 6027.0; 321, 6024.0; 322, 6024.0; 323, 5532.0; 324, 5525.0; 325, 5525.0; 326, 5525.0; 327, 5523.0; 328, 5523.0; 329, 5523.0; 330, 5523.0; 331, 5523.0; 332, 5522.0; 333, 5522.0; 334, 5024.0; 335, 5024.0; 336, 5024.0; 337, 5024.0; 338, 5023.0; 339, 5022.0; 340, 5022.0; 341, 5022.0; 342, 4525.0; 343, 4525.0; 344, 4525.0; 345, 4525.0; 346, 4025.0; 347, 4025.0; 348, 4025.0; 349, 4025.0; 350, 4025.0; 351, 4024.0; 352, 4024.0; 353, 4024.0; 354, 4024.0; 355, 4024.0; 356, 3525.0; 357, 3525.0; 358, 3525.0; 359, 3525.0; 360, 3524.0; 361, 3026.0; 362, 3026.0; 363, 2526.0; 364, 2526.0; 365, 2526.0; 366, 2526.0; 367, 2526.0; 368, 2526.0; 369, 2526.0; 370, 2526.0; 371, 2526.0; 372, 2027.0; 373, 2027.0; 374, 2027.0; 375, 2027.0; 376, 2027.0; 377, 2027.0; 378, 2027.0; 379, 2026.0; 380, 2026.0; 381, 2026.0; 382, 2026.0; 383, 2025.0; 384, 2025.0; 385, 2025.0; 386, 2025.0; 387, 2025.0; 388, 2025.0; 389, 2025.0; 390, 2024.0; 391, 1525.0; 392, 1525.0; 393, 1525.0; 394, 1525.0; 395, 1525.0; 396, 1525.0; 397, 1525.0; 398, 1525.0; 399, 1525.0; 400, 1524.0; 401, 1524.0; 402, 1524.0; 403, 1027.0; 404, 1027.0; 405, 1027.0; 406, 1027.0; 407, 1027.0; 408, 1027.0; 409, 1027.0; 410, 1026.0; 411, 1024.0; 412, 1024.0; 413, 1024.0; 414, 1024.0; 415, 1024.0; 416, 1024.0; 417, 1023.0; 418, 1023.0; 419, 1023.0; 420, 1023.0; 421, 1023.0; 422, 1023.0; 423, 1023.0; 424, 1023.0; 425, 1023.0; 426, 1023.0; 427, 1021.0; 428, 1021.0; 429, 1021.0; 430, 1021.0; 431, 1021.0; 432, 1021.0; 433, 1020.0; 434, 1020.0; 435, 1020.0; 436, 1019.0; 437, 1019.0; 438, 1019.0; 439, 1018.0; 440, 1018.0; 441, 1018.0; 442, 1018.0; 443, 1018.0; 444, 1018.0; 445, 1017.0; 446, 1017.0; 447, 1017.0; 448, 1017.0; 449, 1016.0; 450, 1016.0; 451, 1016.0; 452, 1016.0; 453, 1016.0; 454, 1016.0; 455, 1016.0; 456, 1016.0; 457, 1016.0; 458, 1015.0; 459, 1015.0; 460, 1015.0; 461, 1015.0; 462, 1015.0; 463, 1015.0; 464, 1014.0; 465, 1014.0; 466, 1014.0; 467, 1014.0; 468, 1014.0; 469, 1014.0; 470, 1014.0; 471, 1014.0; 472, 1014.0; 473, 1014.0; 474, 1014.0; 475, 1014.0; 476, 1012.0; 477, 1012.0; 478, 1012.0; 479, 1012.0; 480, 1012.0; 481, 1012.0; 482, 1012.0; 483, 1011.0; 484, 1011.0; 485, 1011.0; 486, 1011.0; 487, 1011.0; 488, 1011.0; 489, 515.0; 490, 515.0; 491, 515.0; 492, 515.0; 493, 515.0; 494, 515.0; 495, 515.0; 496, 514.0; 497, 514.0; 498, 514.0; 499, 514.0; 500, 512.0; 501, 13.0; 502, 13.0; 503, 13.0; 504, 13.0; 505, 11.0; 506, 11.0; 507, 11.0; 508, 11.0; 509, 11.0; 510, 11.0; 511, 11.0; 512, 11.0; 513, 11.0; 514, 11.0; 515, 11.0; 516, 11.0; 517, 11.0; 518, 11.0; 519, 11.0; 520, 11.0; 521, 11.0; 522, 10.0; 523, 10.0; 524, 10.0; 525, 10.0; 526, 10.0; 527, 10.0; 528, 10.0; 529, 9.0; 530, 9.0; 531, 9.0; 532, 9.0; 533, 9.0; 534, 9.0; 535, 8.0; 536, 8.0; 537, 8.0; 538, 8.0; 539, 8.0; 540, 8.0; 541, 8.0; 542, 8.0; 543, 8.0; 544, 8.0; 545, 8.0; 546, 8.0; 547, 8.0; 548, 8.0; 549, 8.0; 550, 8.0; 551, 8.0; 552, 8.0; 553, 8.0; 554, 8.0; 555, 8.0; 556, 8.0; 557, 8.0; 558, 8.0; 559, 8.0; 560, 8.0; 561, 8.0; 562, 8.0; 563, 8.0; 564, 8.0; 565, 8.0; 566, 8.0; 567, 8.0; 568, 8.0; 569, 8.0; 570, 8.0; 571, 8.0; 572, 8.0; 573, 8.0; 574, 8.0; 575, 8.0; 576, 8.0; 577, 8.0; 578, 8.0; 579, 8.0; 580, 8.0; 581, 7.0; 582, 7.0; 583, 7.0; 584, 7.0; 585, 7.0; 586, 7.0; 587, 7.0; 588, 7.0; 589, 7.0; 590, 7.0; 591, 7.0; 592, 7.0; 593, 6.0; 594, 6.0; 595, 6.0; 596, 6.0; 597, 6.0; 598, 6.0; 599, 6.0; 600, 6.0; 601, 6.0; 602, 6.0; 603, 6.0; 604, 6.0; 605, 6.0; 606, 6.0; 607, 6.0; 608, 6.0; 609, 6.0; 610, 6.0; 611, 6.0; 612, 6.0; 613, 6.0; 614, 6.0; 615, 6.0; 616, 6.0; 617, 6.0; 618, 6.0; 619, 6.0; 620, 6.0; 621, 6.0; 622, 6.0; 623, 6.0; 624, 6.0; 625, 6.0; 626, 6.0; 627, 6.0; 628, 6.0; 629, 